1	     -90	 0.26669	      C3
2	 -135.07	 0.18118	     CP1
3	       0	       0	      Cz
4	 -26.492	 0.36977	     AF3
5	  21.663	 0.35451	     AF4
6	  135.07	 0.18118	     CP2
7	      90	 0.26667	      C4
8	   140.1	  0.3445	      P4
9					     PO7
10	 -140.05	 0.34459	      P3
11					      O9
12	 -157.54	 0.42113	     PO3
13	     180	 0.25338	      Pz
14	 -162.07	 0.51499	      O1
15					      Iz
16	     180	 0.50669	      Oz
17	  157.54	 0.42113	     PO4
18	 				     O10
19	  162.07	 0.51499	      O2
20					     PO8